NME
N:-0.415700
H: 0.271900
C:-0.149000
H3:0.097600
ACE
C=:0.597200
O:-0.567900
C:-0.366200
H3:0.112300
